123
[19, 12, 21, 20, 9, 25, 24, 5, 4, 13, 17, 16, 3, 6, 18]
3.0

123
[5, 24, 12, 6, 15, 9, 2, 3, 13, 25, 17, 7, 22, 18, 8]
3.0

123
[11, 17, 2, 22, 3, 5, 9, 19, 13, 10, 23, 6, 4, 15, 16]
3.0

123
[25, 13, 1, 24, 6, 12, 19, 17, 4, 3, 15, 23, 11, 8, 7]
3.0

123
[4, 14, 5, 7, 10, 21, 8, 16, 2, 25, 3, 11, 1, 17, 24, 23, 18]
408.0

123
[4, 14, 11, 8, 16, 15, 22, 23, 12, 24, 1, 25, 3, 20, 17]
3.0

12345
[7, 9, 3, 5, 18, 23, 16, 14, 19, 25, 12, 13, 17, 22, 24]
3.0

12345
[3, 5, 22, 8, 20, 18, 1, 25, 10, 6, 17, 2, 24, 23, 11, 21, 16, 12, 7, 13]
46512.0

